3.537906138245041077e-01
3.920666979885036874e-01
4.121421447632185320e-01
4.439140073004205767e-01
4.628584825980228135e-01
4.679883302249510102e-01
4.767944543259750034e-01
4.831355875855440352e-01
4.947823061693611968e-01
5.152881561987417980e-01
5.317306700097905736e-01
5.440039760418792225e-01
5.504521034070076757e-01
5.751142603264015607e-01
5.926632803774145586e-01
6.136428356788635741e-01
6.569397774568876969e-01
7.028511435712054833e-01
7.367262602300229668e-01
7.644398428596561601e-01
7.711146884541748570e-01
7.902865923292234918e-01
8.096450850811344191e-01
8.281438962265741388e-01
8.375653826747382347e-01
8.511316028368347553e-01
8.595840867069184377e-01
8.687467109006660193e-01
8.770004243104924102e-01
8.786416789871225319e-01
8.820350625818130785e-01
8.814975549346421024e-01
8.779929940079383988e-01
8.766212393532356595e-01
8.626048875461398424e-01
8.595621899883093553e-01
8.568117735668479007e-01
8.605538219245368881e-01
8.581381057232869702e-01
8.584156821765368539e-01
8.564872788671108461e-01
8.571897542086078792e-01
8.571559703252572548e-01
8.540302889524123975e-01
8.575429918828353371e-01
8.622927852129539383e-01
8.648950717671133326e-01
8.678858223606394917e-01
8.696591585062537488e-01
1.000000000000000000e+00
8.698979169121038302e-01
8.726264465014966776e-01
8.768322739713538816e-01
8.687187344889396590e-01
8.721795011426128896e-01
8.736524409611780007e-01
8.660445835280912164e-01
8.566774077124191811e-01
8.627535852420833429e-01
8.720973990061621217e-01
8.805208429052718833e-01
8.827126846200697985e-01
8.820895784771117798e-01
8.840443961232882231e-01
8.831002753562695595e-01
8.827082118170689329e-01
8.689884831421910150e-01
8.714036070242715537e-01
8.790498207776344941e-01
8.788051689529763344e-01
8.693330943713970527e-01
8.529852981286397684e-01
8.480683916649566223e-01
8.454717792340017413e-01
8.352449757074501546e-01
8.286021643960994609e-01
8.013487718896649126e-01
7.697863455515657760e-01
7.347270769896881992e-01
7.026649786349108417e-01
6.785348599960308036e-01
6.493134386256227408e-01
6.171364207618189601e-01
5.820768976944403761e-01
5.619068982338714102e-01
5.476129190148742998e-01
5.382315734813464259e-01
5.338276731998433666e-01
5.435214597161637240e-01
5.430849468727418916e-01
5.459664348723879401e-01
5.368422524653073680e-01
5.282391986660738281e-01
5.232511200474884161e-01
5.119792130938033425e-01
5.111725899317555166e-01
5.170001226434253194e-01
5.026212761662274264e-01
4.797775579643707711e-01
4.466837474532505681e-01
