1.686769673281518153e-02
1.725301432027612214e-02
1.865708228651867875e-02
1.469275023108327499e-02
1.164303361635526252e-02
7.706970819411032569e-03
8.706876514909414264e-03
1.025450318272459228e-02
1.526645578175782510e-02
2.969642440685658913e-02
4.091543646731975875e-02
5.560590347034591319e-02
7.651065527825377799e-02
1.064304234239504404e-01
1.365784037527047190e-01
1.734312241304966917e-01
1.987006522693229860e-01
2.231789979640082799e-01
2.454438534779038728e-01
2.740423522077701235e-01
2.942325482698973649e-01
3.267980892959385653e-01
3.649060655001070685e-01
3.877161064309302962e-01
4.147067407988629939e-01
4.588963878648142369e-01
5.008418997427462882e-01
5.483547891474434000e-01
5.802770604215601313e-01
6.292468282801865209e-01
6.800004037788567324e-01
7.102946161511939360e-01
7.435918744411522674e-01
7.653397326394766331e-01
7.958912237280442170e-01
8.137544705461497996e-01
8.255770248352866103e-01
8.393718364669653376e-01
8.548933779311558290e-01
8.514292362909355871e-01
8.579303757423488719e-01
8.631670878330454100e-01
8.600707406189239679e-01
8.694512732341458383e-01
8.730931025482157049e-01
8.841569517743342876e-01
8.867455057831095111e-01
8.899448897782874512e-01
8.902432577486086851e-01
1.000000000000000000e+00
8.634518840897144054e-01
8.516053968378543004e-01
8.551203156036718545e-01
8.668541521185205712e-01
8.779135976899762328e-01
8.765734999498057123e-01
8.680606527578427212e-01
8.543199805262414737e-01
8.554948003184120742e-01
8.631218291222363392e-01
8.742507383088353734e-01
8.783533651943752352e-01
8.763790021225270621e-01
8.622921944662182980e-01
8.514338199694808651e-01
8.214098247738598202e-01
7.742591505163308740e-01
7.350420828644742555e-01
6.872555170007359493e-01
6.473152328942561873e-01
6.065930387927114253e-01
5.572694816835358500e-01
4.749227947719450449e-01
3.976246696295602789e-01
3.362361432412189211e-01
2.886104432350254378e-01
2.367584988231159204e-01
2.085587606132400518e-01
1.939675732398859209e-01
1.745129023754206921e-01
1.548842693695945405e-01
1.341940070051189093e-01
1.173876897843628281e-01
1.116428187538030664e-01
9.662610402722836278e-02
9.347464788023303328e-02
9.601077583705042162e-02
9.524522318972766799e-02
8.984331138345430512e-02
9.856402928416511944e-02
9.779574810802722784e-02
1.000223894523120660e-01
1.036251758722942368e-01
1.027901137082368604e-01
1.063461347431650800e-01
1.011933083250787097e-01
9.667600556168114145e-02
8.729006406017915387e-02
7.804776465255824913e-02
7.018543752863794227e-02
