0.000000000000000000e+00
0.000000000000000000e+00
0.000000000000000000e+00
0.000000000000000000e+00
0.000000000000000000e+00
0.000000000000000000e+00
0.000000000000000000e+00
0.000000000000000000e+00
0.000000000000000000e+00
0.000000000000000000e+00
0.000000000000000000e+00
0.000000000000000000e+00
0.000000000000000000e+00
0.000000000000000000e+00
0.000000000000000000e+00
0.000000000000000000e+00
0.000000000000000000e+00
0.000000000000000000e+00
1.041666666666666652e-03
9.166666666666666496e-04
8.333333333333333868e-04
6.812499999999999112e-03
2.037500000000000075e-02
6.162500000000000616e-02
1.443541666666666445e-01
2.844791666666666718e-01
4.374791666666666412e-01
5.299374999999999503e-01
5.813750000000000862e-01
6.459166666666665835e-01
1.000000000000000000e+00
5.943958333333333455e-01
5.355625000000000524e-01
4.615000000000000213e-01
3.789166666666667349e-01
2.511875000000000080e-01
1.169374999999999859e-01
4.662499999999999978e-02
1.645833333333333523e-02
5.937500000000000937e-03
2.937500000000000441e-03
1.000000000000000021e-03
1.874999999999999768e-04
0.000000000000000000e+00
0.000000000000000000e+00
0.000000000000000000e+00
0.000000000000000000e+00
0.000000000000000000e+00
0.000000000000000000e+00
0.000000000000000000e+00
0.000000000000000000e+00
0.000000000000000000e+00
0.000000000000000000e+00
0.000000000000000000e+00
0.000000000000000000e+00
0.000000000000000000e+00
0.000000000000000000e+00
0.000000000000000000e+00
0.000000000000000000e+00
0.000000000000000000e+00
0.000000000000000000e+00
