7.233078703703702539e-01
7.417939814814816790e-01
7.533611111111113701e-01
7.635879629629629406e-01
7.852592592592594345e-01
7.959745370370369111e-01
7.976851851851850528e-01
8.061921296296298278e-01
8.032962962962965081e-01
8.179189814814814552e-01
8.217847222222220971e-01
8.331412037037037033e-01
8.361435185185186469e-01
8.408842592592594700e-01
8.517175925925924984e-01
8.651481481481479996e-01
8.618865740740738746e-01
8.670138888888890838e-01
8.620601851851851238e-01
8.704537037037036740e-01
8.713449074074072209e-01
8.647615740740740575e-01
8.688240740740741375e-01
8.711412037037037370e-01
8.636574074074073737e-01
8.639675925925925926e-01
8.540902777777775734e-01
8.561273148148145218e-01
8.585439814814814774e-01
8.549212962962963180e-01
8.567106481481484570e-01
8.617407407407408071e-01
8.535208333333330621e-01
8.680324074074073915e-01
8.689814814814815769e-01
8.654930555555556682e-01
8.613032407407406055e-01
8.684004629629632488e-01
8.691921296296295507e-01
8.759699074074074332e-01
8.701018518518518485e-01
8.654212962962963829e-01
8.663148148148150929e-01
8.685833333333331518e-01
8.743333333333335178e-01
8.764467592592594114e-01
8.790393518518518912e-01
8.798495370370371660e-01
8.798703703703704138e-01
1.000000000000000000e+00
8.778356481481481843e-01
8.751736111111109162e-01
8.787060185185189276e-01
8.783564814814814881e-01
8.806944444444443354e-01
8.825578703703702566e-01
8.805532407407407058e-01
8.772152777777777466e-01
8.767337962962962195e-01
8.788495370370372761e-01
8.751111111111112839e-01
8.769328703703700434e-01
8.723148148148146541e-01
8.695671296296295649e-01
8.613611111111110219e-01
8.688148148148148175e-01
8.638958333333331963e-01
8.627893518518519045e-01
8.574976851851850990e-01
8.543796296296296555e-01
8.353495370370372930e-01
8.245162037037035985e-01
8.218356481481482456e-01
8.131874999999998410e-01
8.115324074074073968e-01
8.093958333333334254e-01
7.992129629629628473e-01
7.942800925925928013e-01
7.953356481481481666e-01
7.733981481481481124e-01
7.672800925925923332e-01
7.600277777777777466e-01
7.524837962962965809e-01
7.598912037037036660e-01
7.705231481481481515e-01
7.660347222222223529e-01
7.639490740740745300e-01
7.697060185185186088e-01
7.629537037037036340e-01
7.703518518518519542e-01
7.860023148148146399e-01
7.884490740740743853e-01
7.887824074074073488e-01
7.985995370370373436e-01
7.889837962962964468e-01
7.895439814814815271e-01
7.778356481481484286e-01
7.587152777777776969e-01
7.676666666666666083e-01
7.602847222222220980e-01
