1.513365384615384390e-01
1.975576923076923230e-01
2.257403846153845928e-01
2.597115384615384936e-01
2.992211538461538312e-01
3.295480769230769713e-01
3.699903846153845266e-01
3.938076923076921920e-01
4.289230769230769624e-01
4.404903846153847002e-01
4.526250000000000551e-01
4.642980769230768967e-01
4.751923076923078026e-01
4.878846153846153610e-01
4.885576923076923039e-01
4.744326923076923608e-01
4.730769230769230616e-01
4.944903846153845262e-01
4.977596153846154392e-01
5.080576923076922657e-01
5.222788461538461213e-01
5.331153846153846576e-01
5.402403846153845945e-01
5.369134615384616449e-01
5.346153846153846034e-01
5.258942307692306972e-01
5.253557692307692095e-01
5.394326923076924185e-01
5.898269230769230820e-01
6.243750000000000133e-01
1.000000000000000000e+00
6.161346153846154472e-01
5.814519230769230607e-01
5.554711538461538645e-01
5.349903846153846176e-01
5.217115384615385043e-01
5.098749999999999671e-01
5.075961538461538636e-01
4.997884615384615703e-01
4.873461538461539844e-01
4.897211538461538338e-01
4.678269230769230846e-01
4.629807692307691402e-01
4.544423076923077010e-01
4.541634615384614881e-01
4.549807692307692997e-01
4.481250000000000511e-01
4.373461538461538844e-01
4.179903846153845692e-01
4.048173076923077263e-01
3.859519230769231091e-01
3.607115384615384168e-01
3.290576923076922733e-01
3.047403846153846629e-01
2.992980769230769722e-01
2.815288461538461573e-01
2.574519230769231060e-01
2.251153846153846061e-01
1.963846153846154075e-01
1.640288461538461640e-01
1.239519230769230984e-01
