0.000000000000000000e+00
6.250000000000000130e-05
1.125000000000000105e-04
2.125000000000000153e-04
1.166666666666666655e-04
4.291666666666667262e-04
5.875000000000000231e-04
7.916666666666667554e-04
1.908333333333333930e-03
2.529166666666667410e-03
4.316666666666667436e-03
7.354166666666665970e-03
1.469999999999999953e-02
2.572500000000000134e-02
4.016250000000000375e-02
6.164166666666666405e-02
9.628333333333330413e-02
1.348333333333333328e-01
1.641458333333333242e-01
1.795500000000000151e-01
1.927000000000000379e-01
1.877458333333333618e-01
1.684541666666666548e-01
1.387416666666666520e-01
1.048208333333333353e-01
6.698333333333331141e-02
3.827083333333333032e-02
2.264583333333334073e-02
1.165833333333333305e-02
7.079166666666665900e-03
4.287500000000001379e-03
2.162500000000000359e-03
1.883333333333333864e-03
7.583333333333334069e-04
5.041666666666666519e-04
3.458333333333333550e-04
2.250000000000000209e-04
7.083333333333333842e-05
8.333333333333333055e-05
2.916666666666666908e-04
1.083333333333333284e-04
