0.000000000000000000e+00
5.000000000000000240e-05
7.500000000000000698e-05
1.687500000000000089e-04
1.749999999999999982e-04
4.750000000000000533e-04
5.812500000000000609e-04
1.012499999999999945e-03
2.431250000000000685e-03
3.287500000000000058e-03
5.162500000000000422e-03
9.600000000000000894e-03
1.766250000000000112e-02
3.271250000000000546e-02
4.798124999999999613e-02
7.004375000000000184e-02
1.116812499999999958e-01
1.535437499999999789e-01
1.875187499999999563e-01
2.096937499999999566e-01
2.233125000000000249e-01
2.104875000000000218e-01
1.888875000000000415e-01
1.575937499999999492e-01
1.184437500000000282e-01
7.555625000000000535e-02
4.729375000000000245e-02
2.903749999999999387e-02
1.514375000000000096e-02
8.737500000000000475e-03
5.656250000000001554e-03
2.937500000000000874e-03
2.437499999999999563e-03
1.150000000000000197e-03
7.249999999999999500e-04
4.687500000000000911e-04
3.687500000000000456e-04
1.500000000000000140e-04
1.437499999999999976e-04
2.562500000000000216e-04
6.249999999999998775e-05
