0.000000000000000000e+00
1.875000000000000175e-05
1.250000000000000060e-05
6.250000000000000130e-05
4.374999999999999956e-05
1.624999999999999925e-04
2.312500000000000373e-04
3.375000000000000179e-04
9.000000000000000838e-04
1.131250000000000311e-03
1.837500000000000158e-03
3.056250000000000806e-03
5.768750000000001307e-03
1.140625000000000319e-02
1.624999999999999709e-02
2.428750000000000006e-02
4.020624999999998506e-02
6.093125000000000624e-02
7.793125000000002134e-02
8.944374999999997466e-02
9.551250000000001406e-02
8.888750000000000817e-02
7.669375000000000497e-02
6.118125000000000646e-02
4.451249999999999651e-02
2.680000000000000090e-02
1.623125000000000262e-02
9.606249999999998471e-03
4.931250000000000737e-03
3.000000000000000496e-03
1.743750000000000508e-03
8.937500000000001216e-04
7.749999999999999728e-04
4.000000000000000192e-04
3.000000000000000279e-04
1.500000000000000140e-04
9.375000000000001550e-05
3.750000000000000349e-05
6.249999999999998775e-05
1.249999999999999755e-04
6.250000000000000300e-06
