7.730231481481480982e-01
8.012175925925926201e-01
8.139722222222222081e-01
8.242916666666665337e-01
8.288310185185184809e-01
8.346874999999998046e-01
8.380787037037036313e-01
8.402500000000002744e-01
8.426550925925925251e-01
8.373356481481480929e-01
8.366550925925927418e-01
8.378703703703704875e-01
8.389699074074071783e-01
8.431944444444443576e-01
8.484583333333333144e-01
8.475393518518520297e-01
8.533726851851849426e-01
8.507870370370372859e-01
8.518124999999999725e-01
8.535023148148148664e-01
8.514537037037034350e-01
8.508749999999998259e-01
8.524907407407407156e-01
8.530115740740740193e-01
8.580787037037035381e-01
8.599398148148148513e-01
8.621041666666666714e-01
8.551921296296295383e-01
8.513379629629628242e-01
8.564398148148147927e-01
8.571736111111111223e-01
8.545046296296296973e-01
8.505949074074071747e-01
8.551180555555554230e-01
8.583935185185187500e-01
8.601550925925925961e-01
8.581087962962961058e-01
8.613217592592593563e-01
8.721805555555555145e-01
8.738935185185182641e-01
8.722916666666664653e-01
8.750185185185185288e-01
8.715787037037038276e-01
8.690069444444444846e-01
8.704328703703706482e-01
8.652708333333332114e-01
8.675208333333332966e-01
8.667523148148146284e-01
8.716342592592595251e-01
1.000000000000000000e+00
8.701458333333332851e-01
8.669467592592593475e-01
8.634768518518517455e-01
8.614953703703701615e-01
8.637847222222222454e-01
8.640370370370368258e-01
8.678472222222222143e-01
8.623750000000000027e-01
8.649930555555555012e-01
8.633726851851850626e-01
8.626712962962962417e-01
8.621689814814811337e-01
8.612037037037038045e-01
8.639166666666668881e-01
8.610393518518515421e-01
8.604560185185182730e-01
8.617037037037035274e-01
8.567986111111109970e-01
8.620185185185186283e-01
8.660324074074075007e-01
8.693009259259260046e-01
8.656018518518519000e-01
8.651921296296292141e-01
8.636018518518517872e-01
8.586018518518515608e-01
8.557916666666667282e-01
8.529074074074074474e-01
8.572893518518518441e-01
8.605115740740739705e-01
8.576550925925928714e-01
8.542407407407406339e-01
8.509189814814814845e-01
8.556111111111111001e-01
8.521851851851850457e-01
8.528888888888886965e-01
8.473819444444442572e-01
8.454143518518518752e-01
8.417569444444444882e-01
8.404837962962962150e-01
8.329907407407408648e-01
8.283356481481479738e-01
8.168865740740741677e-01
8.191203703703703320e-01
8.127870370370372521e-01
8.049374999999999725e-01
7.974444444444445113e-01
7.936851851851853823e-01
7.826759259259259416e-01
7.625254629629628633e-01
7.286736111111112857e-01
