0.000000000000000000e+00
0.000000000000000000e+00
0.000000000000000000e+00
0.000000000000000000e+00
0.000000000000000000e+00
0.000000000000000000e+00
0.000000000000000000e+00
0.000000000000000000e+00
0.000000000000000000e+00
2.888888888888888756e-04
5.749999999999999903e-04
1.616666666666666859e-03
2.369444444444444419e-03
4.677777777777777229e-03
7.002777777777778774e-03
1.011666666666666790e-02
1.231111111111111121e-02
1.536944444444444599e-02
1.816944444444444293e-02
2.151944444444444521e-02
2.667500000000000426e-02
3.375555555555555254e-02
4.019166666666667415e-02
4.594166666666666538e-02
5.188333333333332298e-02
5.703611111111110687e-02
6.728611111111111598e-02
7.461388888888889626e-02
8.026944444444443494e-02
8.845555555555557892e-02
1.013444444444444592e-01
1.123083333333333433e-01
1.301222222222222225e-01
1.547250000000000569e-01
1.790833333333333166e-01
2.005138888888888249e-01
2.235666666666666913e-01
2.703388888888889063e-01
3.087277777777777676e-01
3.702638888888888369e-01
4.212138888888888322e-01
4.850083333333333191e-01
5.374861111111112200e-01
5.827861111111111159e-01
6.479250000000000842e-01
6.998972222222222817e-01
7.534750000000000059e-01
8.052222222222222836e-01
8.481805555555554932e-01
1.000000000000000000e+00
8.886277777777780162e-01
8.715722222222221927e-01
8.424833333333335839e-01
7.936416666666665787e-01
7.434388888888886493e-01
6.744249999999997192e-01
6.149944444444445102e-01
5.457138888888889428e-01
4.804583333333333206e-01
4.210250000000000381e-01
3.689638888888889801e-01
3.092916666666666314e-01
2.590416666666666146e-01
2.204416666666665914e-01
1.968638888888888938e-01
1.631222222222222240e-01
1.354694444444443924e-01
1.184444444444444217e-01
1.001388888888888884e-01
8.526666666666667116e-02
7.048055555555557405e-02
5.823611111111112043e-02
4.556944444444444714e-02
3.951111111111111490e-02
3.454444444444444706e-02
2.968333333333333240e-02
2.435833333333333253e-02
1.869722222222221925e-02
1.517222222222222583e-02
1.330555555555555311e-02
1.146388888888888805e-02
9.974999999999999492e-03
7.794444444444444120e-03
6.252777777777778108e-03
5.311111111111111067e-03
3.380555555555555917e-03
2.438888888888888877e-03
1.691666666666666622e-03
1.124999999999999915e-03
8.638888888888888659e-04
8.138888888888888432e-04
5.027777777777777714e-04
5.749999999999999903e-04
6.944444444444443625e-04
6.138888888888888607e-04
6.277777777777777740e-04
5.111111111111111627e-04
4.527777777777778029e-04
5.527777777777777941e-04
6.111111111111110997e-04
