2.012750093579483146e-01
2.148773951830176554e-01
2.265611836114216349e-01
2.367868466235745206e-01
2.454354820567605511e-01
2.610931073104066913e-01
2.558940110121483147e-01
2.649092427919028103e-01
2.681251315108224564e-01
2.833628704381698227e-01
3.122116964969409159e-01
3.308337401465818450e-01
3.403691229623355130e-01
3.627132349713841908e-01
3.845950312614578870e-01
4.230032998067322914e-01
4.492887562133368040e-01
4.844621864079168838e-01
5.280716169170474039e-01
5.663419927360527906e-01
6.023248521845681047e-01
6.213167274003011942e-01
6.314134030150343468e-01
6.419837871369650228e-01
6.664319610739469768e-01
6.926351674025458260e-01
7.186860809870245781e-01
7.408001226725442478e-01
7.666029207150198976e-01
7.718603551821500153e-01
7.875768620844804113e-01
8.115681134492093163e-01
8.245833445318194732e-01
8.319830612024904370e-01
8.365895604210024095e-01
8.587581049818716616e-01
8.685192322738043424e-01
8.647173847335504204e-01
8.551646056566452048e-01
8.641178249027908764e-01
8.631072649456804635e-01
8.701152381699666094e-01
8.514110343335022923e-01
8.553008115796028044e-01
8.651436977524779026e-01
8.640307899232299027e-01
8.557151184797970878e-01
8.627691978665107397e-01
8.493366531131950614e-01
1.000000000000000000e+00
8.622697312628572197e-01
8.765995324388272669e-01
8.834909922020132145e-01
8.952944650675935812e-01
9.017952057454921011e-01
8.980809779318331687e-01
8.945060120613974597e-01
8.882917231585389928e-01
8.904034042306355756e-01
8.825560738138751304e-01
8.826424629543421219e-01
8.694627000434923536e-01
8.761117557158262237e-01
8.656232735995104122e-01
8.576663791342954424e-01
8.458582186432668237e-01
8.517625556229755368e-01
8.353692736608625546e-01
8.293628967241458705e-01
8.144826231643765846e-01
7.945967583578316118e-01
7.622614225712895930e-01
7.357761501044900454e-01
7.090359108730256432e-01
6.774807927866018931e-01
6.415536238485766152e-01
6.008452886418033101e-01
5.497885805495140721e-01
5.227279463487413125e-01
4.906998063729050563e-01
4.751961745407030091e-01
4.328853332167512669e-01
3.998553807111331349e-01
3.666385110608220699e-01
3.450173608647437717e-01
3.320734859616774615e-01
3.258180619667853661e-01
3.182810514209968300e-01
3.247566881544126094e-01
3.235629924612961617e-01
3.284305920317617811e-01
3.300964578937971017e-01
3.205672407588393558e-01
3.108420798209373115e-01
3.071626530202096750e-01
3.083264989521736221e-01
3.126820817620457049e-01
3.081122155709438704e-01
3.026007835221851683e-01
2.879682421480907473e-01
