7.826898148148148104e-01
8.140370370370370035e-01
8.270879629629632745e-01
8.341273148148150574e-01
8.392800925925926192e-01
8.420023148148145786e-01
8.468981481481482332e-01
8.529212962962960942e-01
8.567708333333333703e-01
8.582245370370369386e-01
8.565995370370371731e-01
8.537152777777775592e-01
8.598101851851852606e-01
8.618032407407408835e-01
8.633981481481481923e-01
8.665740740740740522e-01
8.725810185185186585e-01
8.779097222222222996e-01
8.806759259259261396e-01
8.777222222222221815e-01
8.733310185185186869e-01
8.711527777777777759e-01
8.677939814814813468e-01
8.678379629629628944e-01
8.727314814814816080e-01
8.771504629629629513e-01
8.826249999999999929e-01
8.828148148148150520e-01
8.823634259259262036e-01
8.813379629629628509e-01
8.765925925925924789e-01
8.725138888888884781e-01
8.688032407407407787e-01
8.672129629629630188e-01
8.680347222222221104e-01
8.692916666666663517e-01
8.715300925925925091e-01
8.734884259259257933e-01
8.712708333333334387e-01
8.703912037037034866e-01
8.660555555555556895e-01
8.631180555555553191e-01
8.616180555555552623e-01
8.658287037037033507e-01
8.670231481481481817e-01
8.686875000000000568e-01
8.674027777777778558e-01
8.673865740740741570e-01
8.706689814814815298e-01
1.000000000000000000e+00
8.642152777777775130e-01
8.586527777777774872e-01
8.538680555555555607e-01
8.546550925925925357e-01
8.545763888888888715e-01
8.513171296296294654e-01
8.575740740740739332e-01
8.569583333333331554e-01
8.604976851851851016e-01
8.618842592592593777e-01
8.640902777777778043e-01
8.602777777777776969e-01
8.638773148148150005e-01
8.675856481481480920e-01
8.656527777777774935e-01
8.668865740740744341e-01
8.640300925925924469e-01
8.697962962962960676e-01
8.731597222222226007e-01
8.781273148148146523e-01
8.758333333333333526e-01
8.736041666666664041e-01
8.775370370370368933e-01
8.725023148148146612e-01
8.676365740740742405e-01
8.622847222222222996e-01
8.541111111111110432e-01
8.536435185185186070e-01
8.544074074074073932e-01
8.558055555555551530e-01
8.627847222222220225e-01
8.618148148148150334e-01
8.657129629629629619e-01
8.586574074074074803e-01
8.562615740740739945e-01
8.564884259259263333e-01
8.573495370370370905e-01
8.572476851851854596e-01
8.548888888888890314e-01
8.531967592592591965e-01
8.519999999999998685e-01
8.495486111111111294e-01
8.445509259259263990e-01
8.446875000000000355e-01
8.344305555555554532e-01
8.332893518518518228e-01
8.294606481481482385e-01
8.215115740740741579e-01
8.006111111111110512e-01
7.693865740740740700e-01
