0.000000000000000000e+00
0.000000000000000000e+00
6.250000000000000300e-06
1.250000000000000060e-05
5.000000000000000240e-05
2.000000000000000096e-04
2.437499999999999888e-04
6.687500000000000736e-04
1.231250000000000139e-03
1.281250000000000271e-03
8.187500000000002501e-04
7.187500000000003131e-04
1.343750000000000109e-03
1.743750000000000508e-03
2.918750000000000337e-03
5.306249999999999335e-03
8.850000000000000228e-03
1.709375000000000477e-02
3.738749999999999712e-02
7.866250000000002407e-02
9.118125000000000535e-02
7.918750000000002176e-02
3.851875000000000437e-02
1.947500000000000273e-02
8.312500000000000444e-03
4.287500000000001379e-03
2.793750000000001094e-03
1.818750000000000271e-03
1.100000000000000283e-03
5.375000000000000003e-04
2.375000000000000266e-04
1.875000000000000310e-04
1.312500000000000190e-04
1.062500000000000076e-04
4.374999999999999956e-05
2.500000000000000120e-05
6.250000000000000300e-06
0.000000000000000000e+00
6.250000000000000300e-06
1.875000000000000175e-05
0.000000000000000000e+00
