1.983333333333333476e-03
2.787500000000000047e-03
3.983333333333334385e-03
7.570833333333333061e-03
1.092499999999999895e-02
1.578333333333333324e-02
2.434166666666667117e-02
3.443333333333333662e-02
4.732916666666667910e-02
7.200833333333332698e-02
9.389166666666665106e-02
1.168791666666666729e-01
1.418708333333333349e-01
1.565875000000000183e-01
1.717374999999999874e-01
1.811624999999999763e-01
1.843916666666666482e-01
1.900166666666667503e-01
2.077666666666666551e-01
2.053541666666666154e-01
1.970291666666666719e-01
1.970750000000000002e-01
1.897874999999999979e-01
1.939500000000000390e-01
1.911958333333333149e-01
1.832041666666666679e-01
1.763458333333333683e-01
1.647458333333333969e-01
1.438750000000000029e-01
1.156166666666666454e-01
9.172083333333333477e-02
6.754166666666665264e-02
4.865416666666667195e-02
3.730000000000001370e-02
2.493333333333333859e-02
1.641250000000000347e-02
1.051249999999999928e-02
6.520833333333333343e-03
4.533333333333334526e-03
3.400000000000000678e-03
2.083333333333333738e-03
