5.081251661895638705e+00 7.793516448628374782e+00
2.344588493865177981e+00 9.324205717721088860e+00
1.114454601953188018e+00 1.043164653751162874e+01
3.442543210247652752e-01 1.131981460801273620e+01
-1.266436655216476304e-01 1.194012383011347467e+01
-4.411589394297097400e-01 1.244485192065415902e+01
-6.919257929073832081e-01 1.284783988904617225e+01
-8.745334134033848628e-01 1.320677455791694399e+01
-1.039504648712400448e+00 1.349259994223563019e+01
-1.623456983680990895e+00 1.517955840151875435e+01
-1.760268968924391553e+00 1.590851091317850852e+01
-1.763022914630867133e+00 1.636984870315580665e+01
-1.720666194801934834e+00 1.662821811175823328e+01
-1.656059215084752401e+00 1.685270453879426711e+01
-1.561405590744239680e+00 1.703039226609372037e+01
-1.521121814385326232e+00 1.713770580196613835e+01
-1.387726585138080670e+00 1.718773431519731787e+01
-1.300201623667598394e+00 1.730643048522407312e+01
