4.363402777777777852e-01
4.541851851851852473e-01
4.705416666666666914e-01
4.952083333333332504e-01
5.104467592592591973e-01
5.293217592592593945e-01
5.305185185185186114e-01
5.412083333333331803e-01
5.503148148148150343e-01
5.701435185185185217e-01
5.697268518518517899e-01
5.686759259259258625e-01
5.804259259259256787e-01
5.916851851851850919e-01
5.921087962962964246e-01
6.042592592592592737e-01
5.995486111111110183e-01
6.053680555555555065e-01
6.146944444444446543e-01
6.118449074074076011e-01
6.261087962962963438e-01
6.109050925925927356e-01
6.233981481481483122e-01
6.338680555555555873e-01
6.129097222222221752e-01
6.192546296296295161e-01
6.160625000000000684e-01
6.248912037037038791e-01
6.239467592592592426e-01
6.364143518518520226e-01
6.391203703703703942e-01
6.616898148148150360e-01
6.596944444444444722e-01
6.869143518518520120e-01
7.056689814814816053e-01
7.033449074074072938e-01
6.997222222222222454e-01
7.097430555555557241e-01
7.152986111111111489e-01
7.434004629629632488e-01
7.538912037037036606e-01
7.644768518518517686e-01
7.803773148148146488e-01
7.990902777777778576e-01
8.228726851851851931e-01
8.377731481481479614e-01
8.353472222222221300e-01
8.479675925925924673e-01
8.645416666666666528e-01
1.000000000000000000e+00
8.881527777777775690e-01
8.722037037037032592e-01
8.595671296296297781e-01
8.326689814814814961e-01
8.156666666666665400e-01
8.061041666666667327e-01
7.909490740740739989e-01
7.754120370370372051e-01
7.419027777777777999e-01
7.207083333333333952e-01
6.923194444444442652e-01
6.657824074074072396e-01
6.599259259259261379e-01
6.600046296296295800e-01
6.344560185185185164e-01
5.846064814814814214e-01
6.035046296296296964e-01
5.898495370370370194e-01
5.896342592592593856e-01
6.045671296296296626e-01
5.974120370370369359e-01
5.723171296296296617e-01
5.680115740740742103e-01
5.621805555555555722e-01
5.449143518518518858e-01
5.487546296296298420e-01
5.546226851851850936e-01
5.484675925925927009e-01
5.446921296296297621e-01
5.288472222222223573e-01
5.406689814814815698e-01
5.361481481481480404e-01
5.286250000000000115e-01
5.320023148148149694e-01
5.319328703703704031e-01
5.436157407407408160e-01
5.410879629629629095e-01
5.358495370370369715e-01
5.434236111111111489e-01
5.433425925925925437e-01
5.551273148148146985e-01
5.439953703703702681e-01
5.443981481481480200e-01
5.405347222222222081e-01
5.264074074074073240e-01
5.256365740740741588e-01
5.261712962962962203e-01
5.219699074074074518e-01
5.278634259259259442e-01
5.095995370370370869e-01
