0.000000000000000000e+00
0.000000000000000000e+00
0.000000000000000000e+00
0.000000000000000000e+00
0.000000000000000000e+00
0.000000000000000000e+00
0.000000000000000000e+00
0.000000000000000000e+00
0.000000000000000000e+00
0.000000000000000000e+00
0.000000000000000000e+00
0.000000000000000000e+00
0.000000000000000000e+00
0.000000000000000000e+00
0.000000000000000000e+00
0.000000000000000000e+00
0.000000000000000000e+00
2.291666666666666895e-04
1.000000000000000021e-03
5.645833333333333433e-03
1.518749999999999961e-02
2.983333333333332629e-02
4.743750000000000050e-02
7.431250000000000355e-02
1.117500000000000160e-01
1.640625000000000000e-01
2.267708333333333381e-01
2.901458333333333250e-01
3.803750000000000742e-01
5.135833333333333917e-01
1.000000000000000000e+00
4.901041666666667296e-01
3.663958333333333095e-01
2.853125000000000244e-01
2.284583333333333466e-01
1.723958333333333315e-01
1.223958333333333287e-01
7.804166666666666197e-02
5.014583333333333393e-02
3.508333333333333443e-02
1.881249999999999936e-02
8.833333333333333662e-03
4.375000000000000416e-03
2.041666666666666890e-03
1.333333333333333289e-03
2.083333333333333264e-05
0.000000000000000000e+00
0.000000000000000000e+00
0.000000000000000000e+00
0.000000000000000000e+00
0.000000000000000000e+00
0.000000000000000000e+00
0.000000000000000000e+00
0.000000000000000000e+00
0.000000000000000000e+00
0.000000000000000000e+00
0.000000000000000000e+00
0.000000000000000000e+00
0.000000000000000000e+00
0.000000000000000000e+00
0.000000000000000000e+00
