0.000000000000000000e+00
0.000000000000000000e+00
0.000000000000000000e+00
0.000000000000000000e+00
0.000000000000000000e+00
0.000000000000000000e+00
0.000000000000000000e+00
0.000000000000000000e+00
0.000000000000000000e+00
0.000000000000000000e+00
0.000000000000000000e+00
0.000000000000000000e+00
0.000000000000000000e+00
0.000000000000000000e+00
1.666666666666666611e-04
1.312500000000000082e-03
6.333333333333333176e-03
1.543749999999999983e-02
2.406250000000000056e-02
3.835416666666666835e-02
6.885416666666666075e-02
1.042916666666666575e-01
1.426874999999999949e-01
1.972708333333333119e-01
2.566250000000000475e-01
3.250000000000000111e-01
3.878333333333333077e-01
4.349791666666666945e-01
5.103541666666666643e-01
5.912291666666666945e-01
1.000000000000000000e+00
5.622291666666666687e-01
4.884791666666666310e-01
4.304791666666667460e-01
3.798749999999999627e-01
3.198333333333333028e-01
2.581249999999999933e-01
1.917291666666666450e-01
1.454374999999999973e-01
1.066875000000000046e-01
6.760416666666667351e-02
4.252083333333333409e-02
2.285416666666666499e-02
1.512499999999999956e-02
1.091666666666666653e-02
5.208333333333333044e-03
5.479166666666666907e-03
4.770833333333332656e-03
1.645833333333333350e-03
2.083333333333333467e-04
0.000000000000000000e+00
0.000000000000000000e+00
0.000000000000000000e+00
0.000000000000000000e+00
0.000000000000000000e+00
0.000000000000000000e+00
0.000000000000000000e+00
0.000000000000000000e+00
0.000000000000000000e+00
0.000000000000000000e+00
0.000000000000000000e+00
