0.000000000000000000e+00
0.000000000000000000e+00
0.000000000000000000e+00
0.000000000000000000e+00
0.000000000000000000e+00
0.000000000000000000e+00
0.000000000000000000e+00
0.000000000000000000e+00
0.000000000000000000e+00
0.000000000000000000e+00
0.000000000000000000e+00
0.000000000000000000e+00
0.000000000000000000e+00
0.000000000000000000e+00
0.000000000000000000e+00
1.250000000000000026e-04
7.916666666666666470e-04
1.479166666666666607e-03
2.583333333333333315e-03
9.270833333333334050e-03
2.562499999999999500e-02
4.422916666666667357e-02
6.997916666666666174e-02
1.090416666666666479e-01
1.507499999999999951e-01
2.118958333333333111e-01
2.765833333333333477e-01
3.376041666666666496e-01
4.263333333333332864e-01
5.381666666666667931e-01
1.000000000000000000e+00
5.137916666666666465e-01
4.087499999999999467e-01
3.321458333333333068e-01
2.797708333333333575e-01
2.205416666666666636e-01
1.661458333333333259e-01
1.108124999999999943e-01
7.272916666666666419e-02
5.077083333333334142e-02
2.881250000000000130e-02
1.489583333333333558e-02
7.000000000000000146e-03
3.270833333333333492e-03
1.562499999999999870e-03
2.083333333333333264e-05
0.000000000000000000e+00
0.000000000000000000e+00
0.000000000000000000e+00
0.000000000000000000e+00
0.000000000000000000e+00
0.000000000000000000e+00
0.000000000000000000e+00
0.000000000000000000e+00
0.000000000000000000e+00
0.000000000000000000e+00
0.000000000000000000e+00
0.000000000000000000e+00
0.000000000000000000e+00
0.000000000000000000e+00
0.000000000000000000e+00
