0.000000000000000000e+00
0.000000000000000000e+00
0.000000000000000000e+00
0.000000000000000000e+00
0.000000000000000000e+00
0.000000000000000000e+00
0.000000000000000000e+00
0.000000000000000000e+00
0.000000000000000000e+00
0.000000000000000000e+00
0.000000000000000000e+00
0.000000000000000000e+00
0.000000000000000000e+00
0.000000000000000000e+00
0.000000000000000000e+00
0.000000000000000000e+00
0.000000000000000000e+00
2.083333333333333467e-04
5.625000000000000659e-04
2.895833333333333592e-03
7.562500000000000645e-03
1.672916666666666649e-02
2.612499999999999892e-02
4.452083333333333587e-02
7.247916666666666397e-02
1.160416666666666541e-01
1.762291666666666590e-01
2.390624999999999833e-01
3.334166666666666390e-01
4.865416666666666501e-01
1.000000000000000000e+00
4.634166666666666434e-01
3.197708333333333375e-01
2.334791666666666821e-01
1.740833333333333399e-01
1.232916666666666744e-01
8.225000000000000366e-02
5.206250000000000461e-02
3.372916666666666424e-02
2.166666666666666741e-02
1.147916666666666703e-02
5.062500000000000160e-03
1.479166666666666824e-03
4.791666666666666405e-04
2.500000000000000052e-04
0.000000000000000000e+00
0.000000000000000000e+00
0.000000000000000000e+00
0.000000000000000000e+00
0.000000000000000000e+00
0.000000000000000000e+00
0.000000000000000000e+00
0.000000000000000000e+00
0.000000000000000000e+00
0.000000000000000000e+00
0.000000000000000000e+00
0.000000000000000000e+00
0.000000000000000000e+00
0.000000000000000000e+00
0.000000000000000000e+00
0.000000000000000000e+00
