0.000000000000000000e+00
0.000000000000000000e+00
0.000000000000000000e+00
0.000000000000000000e+00
0.000000000000000000e+00
0.000000000000000000e+00
0.000000000000000000e+00
0.000000000000000000e+00
0.000000000000000000e+00
0.000000000000000000e+00
0.000000000000000000e+00
0.000000000000000000e+00
0.000000000000000000e+00
0.000000000000000000e+00
0.000000000000000000e+00
0.000000000000000000e+00
0.000000000000000000e+00
2.083333333333333467e-04
6.041666666666666973e-04
3.749999999999999861e-03
1.062500000000000076e-02
2.229166666666666796e-02
3.614583333333333537e-02
5.989583333333333565e-02
9.304166666666667529e-02
1.390833333333333366e-01
2.006250000000000255e-01
2.620624999999999760e-01
3.541666666666666852e-01
4.989166666666666750e-01
1.000000000000000000e+00
4.738333333333333841e-01
3.375833333333333464e-01
2.552083333333333148e-01
1.999791666666666801e-01
1.476666666666666961e-01
1.033958333333333118e-01
6.539583333333333359e-02
4.108333333333333975e-02
2.772916666666666932e-02
1.383333333333333463e-02
5.875000000000000881e-03
1.687499999999999981e-03
7.499999999999999072e-04
3.333333333333333222e-04
0.000000000000000000e+00
0.000000000000000000e+00
0.000000000000000000e+00
0.000000000000000000e+00
0.000000000000000000e+00
0.000000000000000000e+00
0.000000000000000000e+00
0.000000000000000000e+00
0.000000000000000000e+00
0.000000000000000000e+00
0.000000000000000000e+00
0.000000000000000000e+00
0.000000000000000000e+00
0.000000000000000000e+00
0.000000000000000000e+00
0.000000000000000000e+00
