0.000000000000000000e+00
0.000000000000000000e+00
0.000000000000000000e+00
0.000000000000000000e+00
0.000000000000000000e+00
0.000000000000000000e+00
0.000000000000000000e+00
0.000000000000000000e+00
0.000000000000000000e+00
2.361111111111111190e-04
7.472222222222222546e-04
2.863888888888888908e-03
5.294444444444443634e-03
1.189722222222222223e-02
2.031944444444444206e-02
2.998055555555555890e-02
3.788888888888889556e-02
4.461944444444444768e-02
5.705000000000000349e-02
7.173888888888889370e-02
8.662777777777777577e-02
9.979166666666665353e-02
1.152249999999999941e-01
1.258305555555555566e-01
1.435333333333333183e-01
1.728888888888888975e-01
2.091611111111111310e-01
2.486750000000000349e-01
2.710361111111111443e-01
3.125638888888889189e-01
3.396583333333333954e-01
3.633305555555555455e-01
4.116055555555555578e-01
4.703277777777777890e-01
5.342111111111111921e-01
5.772777777777775565e-01
6.150749999999998163e-01
6.895527777777777922e-01
7.308833333333332183e-01
7.810138888888890074e-01
8.166361111111113402e-01
8.434888888888890657e-01
8.523027777777778535e-01
8.628472222222220989e-01
8.687527777777777072e-01
8.710666666666664337e-01
8.748805555555556612e-01
8.755805555555555841e-01
8.747111111111113280e-01
1.000000000000000000e+00
8.748416666666665176e-01
8.710527777777775649e-01
8.705333333333333812e-01
8.700416666666667131e-01
8.660972222222220740e-01
8.620694444444444438e-01
8.588444444444445214e-01
8.513777777777778999e-01
8.461000000000000743e-01
8.328416666666665913e-01
8.135027777777775748e-01
7.695083333333332387e-01
7.003111111111109954e-01
6.278388888888888353e-01
5.618722222222222173e-01
4.909138888888889829e-01
4.221722222222222820e-01
3.673750000000000071e-01
3.032194444444444859e-01
2.351194444444444365e-01
1.913805555555554982e-01
1.669944444444444176e-01
1.276361111111111168e-01
1.179638888888888959e-01
1.021416666666666584e-01
9.080833333333333812e-02
7.110277777777776476e-02
5.756666666666666876e-02
3.828055555555556072e-02
2.577222222222222414e-02
1.617499999999999841e-02
1.145555555555555563e-02
7.049999999999998976e-03
4.697222222222222424e-03
2.561111111111110793e-03
1.363888888888888876e-03
1.744444444444444298e-03
1.694444444444444600e-03
1.841666666666666799e-03
2.194444444444444611e-03
2.877777777777777712e-03
3.352777777777778308e-03
3.491666666666666356e-03
3.505555555555555595e-03
3.769444444444444188e-03
3.566666666666666770e-03
3.366666666666666245e-03
3.169444444444444349e-03
3.366666666666666245e-03
3.277777777777777894e-03
