4.295532646048109613e-05
8.591065292096219225e-05
3.006872852233677135e-04
9.450171821305840877e-04
1.030927835051546415e-03
1.112030835862576382e-03
1.236089163134087513e-03
2.300043477897342238e-03
3.037181963361510265e-03
3.777156093238964122e-03
4.068228074242467331e-03
4.138187111528988937e-03
5.092636404785076329e-03
6.340330525785623297e-03
7.396427636651098717e-03
9.705644097328261152e-03
1.270806896546095889e-02
1.671944949786986420e-02
2.164378954241791275e-02
2.892874025853775510e-02
3.547389768802369781e-02
4.549232809240603276e-02
5.973934820550828861e-02
7.362810337465927613e-02
9.020982587887539650e-02
1.168640127525600592e-01
1.620329199509501772e-01
2.323192711643918551e-01
3.276177962574163827e-01
4.826414202282063859e-01
1.000000000000000000e+00
4.989288354031868877e-01
3.432417055895884417e-01
2.454376657775949044e-01
1.826494799485609277e-01
1.479535432161607211e-01
1.197508617971569239e-01
9.785636162011421280e-02
7.713740284361521315e-02
6.533219674942639110e-02
5.098058467013549810e-02
3.993279863606171570e-02
3.090589951561305629e-02
2.562615124521613885e-02
2.291994686677319842e-02
1.626344563278291772e-02
1.237126412326490857e-02
1.012855538370331307e-02
7.753168947066244390e-03
6.774681790241638031e-03
5.537838257968457148e-03
4.757734643063163057e-03
3.829130953017448845e-03
3.533597086582508824e-03
2.919708029197080109e-03
1.865369018653690106e-03
1.419302514193025288e-03
8.515815085158150860e-04
1.216545012165450181e-04
2.027575020275749985e-04
4.055150040551500377e-05
