1.163461538461538344e-03
1.413461538461538349e-03
2.317307692307692298e-03
2.211538461538461401e-03
4.038461538461538512e-03
6.355769230769230810e-03
7.663461538461539130e-03
1.049038461538461496e-02
1.218269230769230410e-02
1.534615384615384270e-02
1.661538461538461520e-02
1.872115384615384570e-02
2.068269230769230471e-02
2.784615384615385034e-02
3.368269230769230238e-02
3.707692307692307676e-02
4.080769230769230871e-02
4.850961538461537326e-02
6.119230769230769862e-02
7.642307692307691303e-02
8.928846153846153877e-02
1.008461538461538354e-01
1.087788461538461426e-01
1.201442307692307671e-01
1.367211538461538534e-01
1.562019230769230993e-01
1.913365384615384746e-01
2.419230769230769351e-01
3.367211538461538090e-01
4.669903846153846128e-01
1.000000000000000000e+00
4.573942307692308029e-01
3.255288461538461409e-01
2.489134615384615556e-01
1.947980769230769349e-01
1.506730769230769373e-01
1.199519230769230949e-01
9.486538461538462919e-02
7.178846153846153710e-02
5.424038461538461392e-02
4.784615384615384381e-02
3.962500000000000744e-02
3.221153846153846506e-02
2.324999999999999636e-02
1.949038461538461775e-02
1.795192307692307712e-02
1.439423076923077027e-02
1.012499999999999858e-02
7.673076923076923087e-03
5.788461538461539199e-03
4.086538461538461765e-03
3.115384615384615349e-03
2.115384615384615329e-03
1.105769230769230917e-03
6.923076923076922637e-04
6.634615384615385504e-04
5.961538461538461913e-04
4.711538461538461887e-04
9.615384615384615376e-05
0.000000000000000000e+00
0.000000000000000000e+00
