0.000000000000000000e+00
0.000000000000000000e+00
0.000000000000000000e+00
0.000000000000000000e+00
0.000000000000000000e+00
0.000000000000000000e+00
0.000000000000000000e+00
0.000000000000000000e+00
0.000000000000000000e+00
1.923076923076923143e-05
1.153846153846153818e-04
9.134615384615384472e-04
1.105769230769230917e-03
1.250000000000000026e-03
1.817307692307692070e-03
3.009615384615385320e-03
6.278846153846153952e-03
1.178846153846153759e-02
1.963461538461537884e-02
3.121153846153846417e-02
4.365384615384616113e-02
5.730769230769231642e-02
7.400961538461538203e-02
9.047115384615384004e-02
1.119134615384615311e-01
1.429230769230769305e-01
1.814519230769230662e-01
2.415192307692307638e-01
3.306250000000000022e-01
4.628846153846154499e-01
1.000000000000000000e+00
4.753076923076923199e-01
3.440192307692307438e-01
2.564423076923076916e-01
2.014903846153845990e-01
1.618365384615384206e-01
1.324326923076923068e-01
1.095961538461538431e-01
8.397115384615384814e-02
6.339423076923077216e-02
4.948076923076923095e-02
3.925961538461538586e-02
2.724999999999999992e-02
1.804807692307692016e-02
1.369230769230769112e-02
9.884615384615384054e-03
5.855769230769232100e-03
2.730769230769231060e-03
8.461538461538460881e-04
6.346153846153846203e-04
2.596153846153846124e-04
6.730769230769230492e-05
1.057692307692307610e-04
3.846153846153846286e-05
0.000000000000000000e+00
0.000000000000000000e+00
0.000000000000000000e+00
0.000000000000000000e+00
0.000000000000000000e+00
0.000000000000000000e+00
0.000000000000000000e+00
