1.215051020820699534e+01 8.038522524000994096e+00
1.007542921744861886e+01 8.625795420442587513e+00
8.229121191590266449e+00 9.305882542940963731e+00
6.536540536064975981e+00 1.015351846686871973e+01
5.229752129250435644e+00 1.119849353430769590e+01
4.314943285253013627e+00 1.249809737998477210e+01
3.763814672320942911e+00 1.409307295603038312e+01
3.678862896387253834e+00 1.558729702083188151e+01
4.151690612818976334e+00 1.675480493996976250e+01
4.658878653093585953e+00 1.789447365815671276e+01
5.622418605709270878e+00 1.861191474412497371e+01
8.167991242838475330e+00 1.903912996523853352e+01
