1.307927804527222015e+00 1.130560723875532148e+01
2.814013685827303490e+00 1.759300641505653928e+01
5.916524962130342402e+00 8.414640391675263231e+00
1.875016080693718479e+01 6.810587509292903796e+00
9.220668397969197017e+00 7.761336381052712063e+00
2.679556085519251951e+00 1.067897882377265084e+01
-7.270492210212418094e-01 1.380400116582711156e+01
6.831314535467143401e+00 8.948925132846211383e+00
2.232989977527995329e+00 1.083181728011194522e+01
3.097925416557766987e+00 1.003326872571235917e+01
4.566516589935668335e+00 9.020711932537146538e+00
4.991691120098823653e+00 9.205083362504179689e+00
2.184695065836449679e+00 1.201233735509052636e+01
1.593533704996537459e+00 1.035283746782900316e+01
1.740201865790753644e+01 7.242144115774258317e+00
8.616984068123558771e-01 1.125087167152375578e+01
1.495694475724612005e+01 8.042833729345140625e+00
4.692975079303079333e+00 9.800828092219742160e+00
8.061041006367423378e+00 8.201262885557410343e+00
1.608434568886210414e+01 8.402354666768886204e+00
9.368826311097471660e+00 8.627327785307002728e+00
1.904133375048865062e+01 6.628335585523414508e+00
1.528914611947971380e+01 8.257375334629490027e+00
1.629673495160577801e+01 7.524205086848764878e+00
4.896853191707336350e+00 1.414063296676349424e+01
1.931489070806646779e-01 1.188960539944223527e+01
1.451004037384580414e+01 7.789726677612071271e+00
1.938864871587587757e+01 7.115822405290645136e+00
1.245613002427489668e+01 8.095349278556485118e+00
-6.237158880619460000e-01 1.418540492854392632e+01
