0.000000000000000000e+00
0.000000000000000000e+00
0.000000000000000000e+00
0.000000000000000000e+00
0.000000000000000000e+00
0.000000000000000000e+00
0.000000000000000000e+00
0.000000000000000000e+00
0.000000000000000000e+00
0.000000000000000000e+00
0.000000000000000000e+00
0.000000000000000000e+00
0.000000000000000000e+00
0.000000000000000000e+00
0.000000000000000000e+00
0.000000000000000000e+00
0.000000000000000000e+00
0.000000000000000000e+00
0.000000000000000000e+00
9.583333333333332810e-04
1.158333333333333437e-02
6.564583333333333381e-02
2.031250000000000000e-01
3.237500000000000377e-01
4.263541666666666452e-01
4.872916666666666785e-01
5.359791666666666732e-01
5.690833333333333854e-01
5.901666666666666172e-01
6.061250000000000249e-01
1.000000000000000000e+00
6.314375000000000959e-01
5.868541666666665657e-01
5.440625000000000044e-01
4.985624999999999640e-01
4.339791666666665826e-01
3.707708333333333273e-01
2.654166666666666896e-01
1.323541666666666616e-01
5.170833333333332837e-02
1.264583333333333358e-02
3.729166666666666654e-03
1.874999999999999768e-04
0.000000000000000000e+00
0.000000000000000000e+00
0.000000000000000000e+00
0.000000000000000000e+00
0.000000000000000000e+00
0.000000000000000000e+00
0.000000000000000000e+00
0.000000000000000000e+00
0.000000000000000000e+00
0.000000000000000000e+00
0.000000000000000000e+00
0.000000000000000000e+00
0.000000000000000000e+00
0.000000000000000000e+00
0.000000000000000000e+00
0.000000000000000000e+00
0.000000000000000000e+00
0.000000000000000000e+00
