0.000000000000000000e+00
0.000000000000000000e+00
0.000000000000000000e+00
0.000000000000000000e+00
0.000000000000000000e+00
0.000000000000000000e+00
0.000000000000000000e+00
0.000000000000000000e+00
0.000000000000000000e+00
0.000000000000000000e+00
0.000000000000000000e+00
0.000000000000000000e+00
0.000000000000000000e+00
0.000000000000000000e+00
0.000000000000000000e+00
3.958333333333333777e-04
1.287499999999999929e-02
3.285416666666666347e-02
7.231250000000000178e-02
1.384791666666666810e-01
2.220416666666666927e-01
3.068749999999999534e-01
3.764791666666666425e-01
4.233333333333333393e-01
4.351875000000000604e-01
4.607291666666666341e-01
4.973958333333333148e-01
5.227916666666666545e-01
5.743333333333332513e-01
6.272291666666666154e-01
1.000000000000000000e+00
6.430416666666666226e-01
6.269583333333333952e-01
5.800208333333333188e-01
5.700833333333332753e-01
5.402708333333333668e-01
5.114583333333333481e-01
4.861041666666666150e-01
4.427291666666666181e-01
3.698958333333333126e-01
2.498333333333333517e-01
1.341458333333333253e-01
7.091666666666666952e-02
3.416666666666666463e-02
1.162499999999999818e-02
2.687500000000000219e-03
8.541666666666667025e-04
4.166666666666666528e-05
0.000000000000000000e+00
0.000000000000000000e+00
0.000000000000000000e+00
0.000000000000000000e+00
0.000000000000000000e+00
0.000000000000000000e+00
0.000000000000000000e+00
0.000000000000000000e+00
0.000000000000000000e+00
0.000000000000000000e+00
0.000000000000000000e+00
0.000000000000000000e+00
0.000000000000000000e+00
