0.000000000000000000e+00
0.000000000000000000e+00
0.000000000000000000e+00
0.000000000000000000e+00
0.000000000000000000e+00
0.000000000000000000e+00
0.000000000000000000e+00
0.000000000000000000e+00
0.000000000000000000e+00
0.000000000000000000e+00
0.000000000000000000e+00
0.000000000000000000e+00
0.000000000000000000e+00
9.583333333333332810e-04
4.604166666666666997e-03
1.033333333333333326e-02
2.387499999999999692e-02
4.285416666666667235e-02
5.731250000000000927e-02
8.458333333333334370e-02
1.371458333333333557e-01
1.957708333333333384e-01
2.452499999999999680e-01
3.125625000000000209e-01
3.795625000000000249e-01
4.570000000000000173e-01
5.093958333333333810e-01
5.460208333333332886e-01
5.953541666666666288e-01
6.490416666666666279e-01
1.000000000000000000e+00
6.196250000000000924e-01
5.825416666666666243e-01
5.532916666666666261e-01
5.244791666666667185e-01
4.752708333333333091e-01
4.255000000000000449e-01
3.450416666666666909e-01
2.737499999999999933e-01
2.103749999999999787e-01
1.603333333333333555e-01
1.134999999999999898e-01
7.764583333333334447e-02
4.891666666666666385e-02
3.247916666666667007e-02
1.839583333333333348e-02
1.456250000000000079e-02
1.183333333333333459e-02
5.125000000000000215e-03
4.583333333333333248e-04
0.000000000000000000e+00
0.000000000000000000e+00
0.000000000000000000e+00
0.000000000000000000e+00
0.000000000000000000e+00
0.000000000000000000e+00
0.000000000000000000e+00
0.000000000000000000e+00
0.000000000000000000e+00
0.000000000000000000e+00
0.000000000000000000e+00
