0.000000000000000000e+00
0.000000000000000000e+00
0.000000000000000000e+00
0.000000000000000000e+00
3.437499999999999801e-04
6.874999999999999601e-04
1.000000000000000021e-03
2.156250000000000180e-03
4.281250000000000333e-03
7.093750000000001096e-03
1.564062500000000175e-02
3.807812499999999739e-02
7.056250000000000022e-02
1.009843750000000012e-01
1.539687499999999876e-01
2.122499999999999942e-01
2.603750000000000231e-01
3.052968749999999676e-01
3.470624999999999960e-01
3.921718750000000586e-01
4.298437500000000244e-01
4.628593749999999618e-01
4.856718749999999751e-01
5.140000000000000124e-01
5.332500000000000018e-01
5.493124999999999813e-01
5.707343750000000160e-01
5.880937499999999707e-01
6.296093750000000266e-01
6.617968749999999512e-01
1.000000000000000000e+00
6.314062500000000577e-01
6.087343750000000497e-01
5.872968750000000515e-01
5.551406249999999432e-01
5.460468749999999316e-01
5.119218749999999707e-01
4.875625000000000653e-01
4.744999999999999774e-01
4.532187500000000036e-01
4.237187499999999774e-01
4.107500000000000040e-01
3.696875000000000022e-01
3.210312499999999902e-01
2.795468749999999725e-01
2.218437500000000062e-01
1.683749999999999969e-01
1.092968750000000017e-01
7.531250000000000444e-02
4.289062500000000167e-02
1.770312500000000011e-02
4.968749999999999209e-03
9.687499999999999931e-04
0.000000000000000000e+00
0.000000000000000000e+00
0.000000000000000000e+00
0.000000000000000000e+00
0.000000000000000000e+00
0.000000000000000000e+00
0.000000000000000000e+00
0.000000000000000000e+00
