1.778846153846153858e-03
2.490384615384615662e-03
3.057692307692307706e-03
3.990384615384615259e-03
3.355769230769230747e-03
6.230769230769230699e-03
1.127884615384615492e-02
1.568269230769230721e-02
2.629807692307692055e-02
3.734615384615385530e-02
4.524999999999999856e-02
6.405769230769231548e-02
9.295192307692307088e-02
1.334134615384615363e-01
1.883076923076923426e-01
2.326057692307692548e-01
2.803269230769230291e-01
3.329999999999999627e-01
3.743076923076923412e-01
4.183173076923076272e-01
4.593461538461539040e-01
4.904423076923076774e-01
5.063269230769231743e-01
5.124615384615385238e-01
5.244519230769231211e-01
5.348173076923077307e-01
5.520096153846154596e-01
5.616826923076924105e-01
5.905769230769229994e-01
6.270192307692307176e-01
1.000000000000000000e+00
6.472788461538461213e-01
6.105096153846153451e-01
5.574326923076923235e-01
5.357307692307692326e-01
5.170288461538461444e-01
5.047307692307692051e-01
4.909807692307692761e-01
4.606538461538461915e-01
4.444423076923076921e-01
4.434038461538461484e-01
4.136442307692308473e-01
3.795961538461538054e-01
3.457980769230768470e-01
3.016923076923077041e-01
2.467019230769230687e-01
2.022115384615384703e-01
1.647403846153845941e-01
1.242692307692307985e-01
9.249999999999999889e-02
6.857692307692307698e-02
4.947115384615385220e-02
3.363461538461538780e-02
2.621153846153845626e-02
1.598076923076923242e-02
9.740384615384614295e-03
5.182692307692308292e-03
1.144230769230769129e-03
7.980769230769231603e-04
3.076923076923077029e-04
1.923076923076923143e-05
