0.000000000000000000e+00
0.000000000000000000e+00
0.000000000000000000e+00
0.000000000000000000e+00
0.000000000000000000e+00
0.000000000000000000e+00
0.000000000000000000e+00
0.000000000000000000e+00
0.000000000000000000e+00
0.000000000000000000e+00
0.000000000000000000e+00
0.000000000000000000e+00
0.000000000000000000e+00
0.000000000000000000e+00
0.000000000000000000e+00
1.562500000000000033e-04
2.968750000000000468e-03
1.218750000000000042e-02
3.968750000000000056e-02
9.401562500000000544e-02
1.797187499999999827e-01
2.678281250000000280e-01
3.474687500000000484e-01
4.047031250000000524e-01
4.591406250000000244e-01
4.908437500000000231e-01
5.364062499999999734e-01
5.700000000000000622e-01
6.059375000000000178e-01
6.285781249999999876e-01
1.000000000000000000e+00
6.132968749999999636e-01
5.659531250000000568e-01
5.141406249999999067e-01
4.865625000000000089e-01
4.513749999999999707e-01
4.054531249999999698e-01
3.662343750000000009e-01
3.097968750000000271e-01
2.549843749999999853e-01
1.742187500000000056e-01
1.037187499999999984e-01
5.020312500000000122e-02
1.954687500000000175e-02
4.796874999999999924e-03
1.109375000000000118e-03
1.093750000000000023e-04
0.000000000000000000e+00
0.000000000000000000e+00
0.000000000000000000e+00
0.000000000000000000e+00
0.000000000000000000e+00
0.000000000000000000e+00
0.000000000000000000e+00
0.000000000000000000e+00
0.000000000000000000e+00
0.000000000000000000e+00
0.000000000000000000e+00
0.000000000000000000e+00
0.000000000000000000e+00
0.000000000000000000e+00
